pt1+pt2:
[0.256160232, -0.06851474777309859, 1.686267587864925, 0.6019005944331488, 0.11764398176811512, 0.6309839057254832, 1.2845965972170537, -0.16556875953480787, 0.3211197159270294, -0.025130871166349215, -0.028695510788157175]
[0.256160232, 0.27925957591616235, 0.3575539393405726, 0.5144908679215943, 0.7789945412270833, 1.13833304911515, 1.5074034875270466, 1.818380145902319, 2.0361819344412804, 2.070734459794455, 1.9539301298075558]^

pt2 only:
[0.256160232, 0.27420347728065875, 0.34989396937430456, 0.5386804897749436, 0.8689378594527954, 1.29286278887814, 1.683072896327482, 1.9614678667700483, 2.091994979402475, 2.07526401146957, 1.9418209493860221]
[0.256160232, 0.27925957591616235, 0.3575539393405726, 0.5144908679215943, 0.7789945412270833, 1.13833304911515, 1.5074034875270466, 1.818380145902319, 2.0361819344412804, 2.070734459794455, 1.9539301298075558]

pt1 (only cylinders, spheres) + pt2:
[0.256160232, 0.2747223854006249, 0.3527546450291964, 0.5500621893322494, 0.9039353390302503, 1.3716179741019967, 1.8231032389697281, 2.1571205830078153, 2.089221626067579, 1.8962221986489705, 1.6186815520997107]
[0.256160232, 0.27925957591616235, 0.3575539393405726, 0.5144908679215943, 0.7789945412270833, 1.13833304911515, 1.5074034875270466, 1.818380145902319, 2.0361819344412804, 2.070734459794455, 1.9539301298075558]

pt1 (only cylinders, spheres, ellipsoids) + pt2:
[0.256160232, 1.7521784645438723, 1.7410517314542562, 0.7038897217012781, 0.16894528109583204, 1.0610642271592015, 0.2930635298965592, 0.9874068612118945, 0.8389359642416371, 2.181261823864373, -0.025877731284793398]
[0.256160232, 0.27925957591616235, 0.3575539393405726, 0.5144908679215943, 0.7789945412270833, 1.13833304911515, 1.5074034875270466, 1.818380145902319, 2.0361819344412804, 2.070734459794455, 1.9539301298075558]

pt1 (only cylinders, spheres, tori) + pt2:
[0.256160232, 0.4081646254820369, 0.6546956763281204, 1.0355345372574176, 1.493614618088391, 1.955952846425218, 2.1461643917797795, 1.9992848831897947, 1.73394920197947, 1.3886426718412916, 1.0377068476290388]
[0.256160232, 0.27925957591616235, 0.3575539393405726, 0.5144908679215943, 0.7789945412270833, 1.13833304911515, 1.5074034875270466, 1.818380145902319, 2.0361819344412804, 2.070734459794455, 1.9539301298075558]

pt2 (only length range computation) only:
[0.256160232, 0.21242997430840665, 0.11978225567503809, 0.052872199660852784, 0.06095527346435785, 0.1502680418988747, 0.26757048177223, 0.35264281557297533, 0.3858765069960417, 0.3772775960966991, 0.34525790603831]
[0.256160232, 0.27925957591616235, 0.3575539393405726, 0.5144908679215943, 0.7789945412270833, 1.13833304911515, 1.5074034875270466, 1.818380145902319, 2.0361819344412804, 2.070734459794455, 1.9539301298075558]

pt2 (length range computation, activation/deactivation time constants) only:
[0.256160232, 0.21902382980121574, 0.1700644031409755, 0.18805545164501777, 0.27241793068342685, 0.3707583675958115, 0.4152530285453005, 0.38751044427819387, 0.32507425613055013, 0.2877687767360886, 0.2955825197070563]
[0.256160232, 0.27925957591616235, 0.3575539393405726, 0.5144908679215943, 0.7789945412270833, 1.13833304911515, 1.5074034875270466, 1.818380145902319, 2.0361819344412804, 2.070734459794455, 1.9539301298075558]

pt2 (length range computation, activation/deactivation time constants, scale ratios from literature) only:
[0.256160232, 0.2753634898668296, 0.32813312925057536, 0.41879778977587795, 0.5431458930768801, 0.6851009593777692, 0.8149192260899729, 0.9138246532802204, 0.9815294510128802, 1.0261800563351855, 1.0481309884728864]
[0.256160232, 0.27925957591616235, 0.3575539393405726, 0.5144908679215943, 0.7789945412270833, 1.13833304911515, 1.5074034875270466, 1.818380145902319, 2.0361819344412804, 2.070734459794455, 1.9539301298075558]

pt2 (length range computation, activation/deactivation time constants, scale ratios from literature, max. isometric forces [i.e., everything but FVL curves]) only:
[0.256160232, 0.2714988303894967, 0.3216997474699457, 0.4066022934138605, 0.521258700293642, 0.6502518382619251, 0.7658371833290994, 0.8496381055950786, 0.8970729654138154, 0.9200905008163197, 0.9303662678811203]
[0.256160232, 0.27925957591616235, 0.3575539393405726, 0.5144908679215943, 0.7789945412270833, 1.13833304911515, 1.5074034875270466, 1.818380145902319, 2.0361819344412804, 2.070734459794455, 1.9539301298075558]
